10001101001010110101010101111001101011111100100010100011101000000011101111110111001010101000011111101111111001111011100001101000
10110001001100110010000110110101001000010100100011110100111000011110001100001101110100110011001010000101011010001101110000100111
10100010010101001010000101000101100111001010110000001100110100011100001100111001110010011001001111110101011010000111010000010100
10111011011011000010000011000001001111101100001101111100001011011001001011000110101010110101010111000110100100000111101000101010
00111011000000101010101001010001001000110110011011110110111000110001011110111101000111101110010110101001111000101111000100101101
01110011111010010001001010110000110100110011001100110110000001110010011110011100001001000001101011100101011111011110100111111011
10110101001001000011111110110010011010011011100100000111000101000000000110001110010110011011111011110110100011001000101100011000
11100100000111011111111111111100000011101101110100000111101111101101101100011101011000111010100011101110111111001100001101101111
10110000110100011001101010001000111011110000110111100000001011111110100001101000111000010010111010000100001001111110101010011101
10101110010000110110001001011011011001000101010010111001011101111111111111010001010000001101110111010001100101101011110000111001
